0.2570958775926352
0.027811598446757513
0.6816124081908359
0.13249943757687377
0.6641798471159764
0.6060463792752185
0.5461507782106505
0.45234205702031416
0.9684667586072763
0.6512674533044102
0.9452296075056354
0.1386575553117857
0.7308451543387449
0.43780064650312844
0.21395754815560364
0.19873954449047004
0.786163350703286
0.7625589686092598
0.9256220865602701
0.7615321523245961
0.4288099509582376
0.16029026594920104
0.4127570110908909
0.4364803994189531
0.22605252695515443
0.9213720924542502
0.7609292193863667
0.8745192960519061
0.46159249622502185
